# False negatives based on threshold 0.9546
0.6664 394517957
0.3900 394517892
0.8297 394518053
0.7940 394517571
0.7301 394518048
0.6877 394518278
0.8565 394518514
0.8433 394518932
0.8738 394518962
0.5321 394518903
0.1416 394518878
0.2403 394519011
0.1496 394519236
0.8214 394519325
0.9197 394519381
0.7019 394519698
0.8282 394519772
0.5374 394519458
0.8862 394519750
0.5503 394520110
0.1743 394520023
0.5964 394520167
0.7821 394520219
0.7885 394520740
0.2193 394520807
0.8447 394520886
0.4303 394520982
0.6981 394521047
0.8753 394521063
0.8611 394521232
0.1810 394521302
0.7126 394521340
0.4175 394521381
0.2540 394521371
0.8155 394521533
0.5063 394521661
0.8661 394521521
0.7126 394521782
0.9530 394521761
0.1681 394522063
0.7449 394522399
0.4206 394522762
0.2276 394522799
0.7839 394523232
0.8805 394523387
0.3438 394523287
0.6592 394523939
0.2175 394524102
0.6703 394524552
0.6730 394524350
0.8300 394524914
0.8166 394525032
0.3207 394525190
0.5681 394525319
0.2391 394525341
0.1861 394525397
0.5493 394525462
0.0976 394525189
0.7695 394525721
0.6218 394525865
0.7545 394525833
0.4913 394525711
0.8430 394526159
0.3325 394526361
0.7865 394527261
0.5418 394526622
0.2251 394527164
0.1352 394527729
0.9521 394527672
0.8207 394527733
0.6463 394528234
0.2145 394528961
0.3730 394529229
0.2746 394529191
0.3926 394529625
